1314 has already been here.
7222 has already been here.
9901 has already been here.
This is a forward print:
1314  1810  1984  2002  2735  2818  3938  4477  4567  5343  5876  6248  7222  7450  7564  7661  8398  8715  9040  9901  

This is a backward print:
9901  9040  8715  8398  7661  7564  7450  7222  6248  5876  5343  4567  4477  3938  2818  2735  2002  1984  1810  1314  

This is a getForward print:
1   1314
2   1810
3   1984
4   2002
5   2735
6   2818
7   3938
8   4477
9   4567
10   5343
11   5876
12   6248
13   7222
14   7450
15   7564
16   7661
17   8398
18   8715
19   9040
20   9901

This is a getReverse print:
20   9901
19   9040
18   8715
17   8398
16   7661
15   7564
14   7450
13   7222
12   6248
11   5876
10   5343
9   4567
8   4477
7   3938
6   2818
5   2735
4   2002
3   1984
2   1810
1   1314

This is a getForward print of my_copylist:
1   1314
2   1810
3   1984
4   2002
5   2735
6   2818
7   3938
8   4477
9   4567
10   5343
11   5876
12   6248
13   7222
14   7450
15   7564
16   7661
17   8398
18   8715
19   9040
20   9901

This is a getReverse print of my_copylist:
20   9901
19   9040
18   8715
17   8398
16   7661
15   7564
14   7450
13   7222
12   6248
11   5876
10   5343
9   4567
8   4477
7   3938
6   2818
5   2735
4   2002
3   1984
2   1810
1   1314
